w 1 size 10k SIN CONGESTION SIMULATION
1.26216006279
1.22847485542
1.18911790848
1.2144548893
1.19892001152
1.19631695747
1.24923586845
1.21907711029
1.23304104805
1.21394014359
1.19791913033

w 1 size 50k SIN CONGESTION SIMULATION
5.6012070179
5.66078901291
5.53595280647
5.65176820755
5.63203692436
5.62777900696
5.60588884354
5.63736701012

w 10 size 10
1.2467341423
1.19238615036
1.22345304489
1.21757888794
1.19763302803
1.17984414101
1.20983099937
1.17848396301
1.23837590218
1.21344780922
1.21239209175

w 10 size 50

5.57745599747
5.56670999527
5.57411003113
5.55511021614
5.66380095482
5.53816103935
5.46194696426
5.52385497093
5.54506397247
5.62432312965
5.57810497284

w 20 size 10
1.13605499268
1.22930192947
1.26908421516
1.24156713486
1.24509191513
1.24252486229
1.23840594292
1.23042607307
1.17475986481
1.22550296783
1.16386604309
1.22456789017
1.20999383926

w 20 size 50
7.46847295761
7.5397939682
7.5309240818
7.44514203072
7.51816606522
7.52393913269
7.44977712631
7.61687994003
7.5434589386
7.46726298332
7.47573184967
7.51408600807

w 50 size 10

1.23759198189
1.20937800407
1.18570399284
1.1977930069
1.17617821693
1.19815683365
1.20045995712
1.197742939
1.2304520607
1.16660499573

w 50 size 50
5.54482293129
5.57211303711
5.46920013428
5.63488197327
5.53636717796
5.49787902832
5.53208017349
5.52336001396
5.47343301773
5.57374191284
5.47663116455
5.48881602287


------------------------
5.53880286217
5.60328388214
5.61110019684
5.56199216843
5.55516386032
5.49782395363
