1k
0.260147094727
0.22812795639
0.20011305809
0.276154994965
0.240135192871
0.244137048721
0.192108154297
0.228129148483
0.240134954453
0.256144046783


5k
0.676381111145
0.63635802269
0.64035987854
2.20524001122
0.636357069016
2.46938800812
0.620349168777
0.640360116959
2.0531539917
2.33331203461
0.716403007507
2.51341295242

10k
1.22468900681
2.29328894615
1.21268105507
4.0702881813
1.24069690704
3.01369404793
1.18866896629
2.1532099247
4.29841709137
2.92964696884
1.23269319534
2.87361502647
2.18522810936
2.52141785622
4.14232897758

50k
10.9181380272
7.7923810482
12.3229269981
13.7957551479
19.5189731121
6.76380181313
14.2279980183
7.91645002365
11.1062428951
10.5819489956
7.69632697105
10.0056247711
9.90156698227
16.1610860825
12.0747880936
20.739659071

100k
28.6601130962
19.2107999325
46.2980279922
49.968091011
19.5950160027
11.3423769474
11.346378088
33.9871068001
45.0813438892
56.6718599796
11.4304261208
11.4304258823
11.2983520031
24.7138929367
45.2334299088
11.386400938
11.2823429108
